1970
1971
1972
1973
1974
1975
1976
1977
1978
1979
1894
1895
1892
1893
1898
1899
1896
1897
1900
1901
1902
1903
1904
1905
1906
1907
1909
1908
1980
1910
1917
1918
1915
1916
1913
1914
1911
1912
1919
1920
1921
1926
1927
1928
1929
1922
1923
1924
1925
1868
1936
1935
1934
1933
1939
1938
1937
1932
1931
1930
1945
1944
1947
1946
1949
1948
1941
1940
1943
1942
1959
1958
1957
1889
1956
1955
1954
1886
1885
1953
1888
1952
1887
1951
1950
1881
1884
1890
1891
1967
1966
1969
1879
1968
1963
1876
1962
1965
1875
1874
1964
1873
1871
1961
1870
1960
